-1.738 19.36 2.608
0.7529 0.4993 -0.4288 -0.01059
1 0.9804 0.4941
52
          -8.669 -21.96 14.57 9.736 -21.96 14.57 -8.669 -21.96 -2.056
          9.736 -21.96 -2.056 -4.739 23.27 11.01 4.984 23.27 11.01
          -4.739 23.27 3.718 4.984 23.27 3.718 3.629 12.02 10.43 
          -3.219 12.01 10.06 3.584 12.1 4.346 -3.264 12.1 3.977
          -0.5988 23.4 10.54 0.4464 23.4 10.54 -0.5948 23.44 7.258 
          0.4504 23.44 7.26 -1.518 28.48 13.32 1.338 28.47 13.33
          -1.531 30.14 7.715 1.325 30.13 7.72 -0.8461 14.25 10.61
          -0.829 14.22 13.85 -1.248 19.1 10.65 -1.231 19.07 13.89 
          -5.691 13.85 10.63 -5.674 13.82 13.87 -6.093 18.69 10.67
          -6.075 18.67 13.91 -2.291 16 11.5 -2.274 15.98 14.74
          -2.425 17.62 11.51 -2.408 17.59 14.75 -3.906 15.87 11.51
          -3.889 15.84 14.75 -4.04 17.49 11.52 -4.022 17.46 14.76 
          4.135 15.61 11.46 4.152 15.58 14.7 4.284 17.22 11.47
          4.301 17.19 14.72 2.522 15.75 11.47 2.539 15.73 14.71 
          2.67 17.37 11.48 2.687 17.34 14.72 6.236 13.78 10.56
          6.253 13.76 13.81 6.682 18.62 10.6 6.699 18.6 13.84
          1.395 14.23 10.59 1.412 14.2 13.83 1.841 19.07 10.63
          1.858 19.04 13.87
80
          4 5 7  7 6 4  9 8 5  8 10 7
          10 11 6  11 9 4  1 0 2  1 2 3 
          9 1 8  0 1 9  5 4 9  8 3 10
          1 3 8  7 5 8  10 2 11  3 2 10
          6 7 10  11 0 9  2 0 11  4 6 11
          12 14 15  15 13 12  16 17 19  19 18 16 
          12 13 17  17 16 12  13 15 19  19 17 13
          15 14 18  18 19 15  14 12 16  16 18 14
          20 22 23  23 21 20  24 25 27  27 26 24
          20 21 25  25 24 20  21 23 27  27 25 21 
          23 22 26  26 27 23  22 20 24  24 26 22
          28 30 31  31 29 28  32 33 35  35 34 32
          28 29 33  33 32 28  29 31 35  35 33 29
          31 30 34  34 35 31  30 28 32  32 34 30
          36 38 39  39 37 36  40 41 43  43 42 40
          36 37 41  41 40 36  37 39 43  43 41 37
          39 38 42  42 43 39  38 36 40  40 42 38
          44 46 47  47 45 44  48 49 51  51 50 48
          44 45 49  49 48 44  45 47 51  51 49 45
          47 46 50  50 51 47  46 44 48  48 50 46